1,32009900
1,32009901
1,32009902
1,32009903
1,32009904
1,32009905
1,32009906
1,32009907
1,32009908
1,32009909
1,32009910
1,32009911
1,32009912
1,32009913
1,32009914
1,32009915
1,32009916
1,32009917
1,32009918
1,32009919
1,32009920
1,32009921
1,32009922
1,32009923
1,32009924
1,32009925
1,32009926
1,32009927
1,32009928
1,32009929
1,32009930
1,32009931
1,32009932
1,32009933
1,32009934
1,32009935
1,32009936
1,32009937
1,32009938
1,32009939
1,32009940
1,32009941
1,32009942
1,32009943
1,32009944
1,32009945
1,32009946
1,32009947
1,32009948
1,32009949
1,32009950
1,32009951
1,32009952
1,32009953
1,32009954
1,32009955
1,32009956
1,32009957
1,32009958
1,32009959
1,32009960
1,32009961
1,32009962
1,32009963
1,32009964
1,32009965
1,32009966
1,32009967
1,32009968
1,32009969
1,32009970
1,32009971
1,32009972
1,32009973
1,32009974
1,32009975
1,32009976
1,32009977
1,32009978
1,32009979
1,32009980
1,32009981
1,32009982
1,32009983
1,32009984
1,32009985
1,32009986
1,32009987
1,32009988
1,32009989
1,32009990
1,32009991
1,32009992
1,32009993
1,32009994
1,32009995
1,32009996
1,32009997
1,32009998
1,32009999
1,32010000
1,32010001
1,32010002
1,32010003
1,32010004
1,32010005
1,32010006
1,32010007
1,32010008
1,32010009
1,32010010
1,32010011
1,32010012
1,32010013
1,32010014
1,32010015
1,32010016
1,32010017
1,32010018
1,32010019
1,32010020
1,32010021
1,32010022
1,32010023
1,32010024
1,32010025
1,32010026
1,32010027
1,32010028
1,32010029
1,32010030
1,32010031
1,32010032
1,32010033
1,32010034
1,32010035
1,32010036
1,32010037
1,32010038
1,32010039
1,32010040
2,55009983
2,55009984
2,55009985
2,55009986
2,55009987
2,55009988
2,55009989
2,55009990
2,55009991
2,55009992
2,55009993
2,55009994
2,55009995
2,55009996
2,55009997
2,55009998
2,55009999
2,55010000
2,55010001
2,55010002
2,55010003
2,55010004
2,55010005
2,55010006
2,55010007
2,55010008
2,55010009
2,55010010
2,55010011
2,55010012
2,55010013
2,55010014
2,55010015
2,55010016
2,55010017
2,55010018
2,55010019
2,55010020
2,55010021
2,55010022
2,55010023
2,55010024
2,55010025
2,55010026
2,55010027
2,55010028
2,55010029
2,55010030
2,55010031
2,55010032
2,55010033
2,55010034
2,55010035
2,55010036
2,55010037
2,55010038
2,55010039
2,55010040
2,55010041
2,55010042
2,55010043
2,55010044
2,55010045
2,55010046
2,55010047
2,55010048
2,55010049
2,55010050
2,55010051
2,55010052
2,55010053
2,55010054
2,55010055
2,55010056
2,55010057
2,55010058
2,55010059
2,55010060
2,55010061
2,55010062
2,55010063
2,55010064
2,55010065
2,55010066
2,55010067
2,55010068
2,55010069
2,55010070
2,55010071
2,55010072
2,55010073
2,55010074
2,55010075
2,55010076
2,55010077
2,55010078
2,55010079
2,55010080
2,55010081
2,55010082
2,55010083
2,55010084
2,55010085
2,55010086
2,55010087
2,55010088
2,55010089
2,55010090
2,55010091
2,55010092
2,55010093
2,55010094
2,55010095
2,55010096
2,55010097
2,55010098
2,55010099
2,55010100
2,55010101
2,55010102
2,55010103
2,55010104
2,55010105
2,55010106
2,55010107
2,55010108
2,55010109
2,55010110
2,55010111
2,55010112
2,55010113
2,55010114
2,55010115
2,55010116
2,55010117
2,55010118
2,55010119
2,55010120
2,55010121
2,55010122
2,55010123
2,55010124
2,55010125
2,55010126
2,55010127
2,55010128
2,55010129
2,55010130
2,55010131
2,55010132
2,55010133
2,55010134
2,55010135
2,55010136
2,55010137
2,55010138
2,55010139
2,55010140
2,55010141
